14.130000 19.900000
10.270000 20.800000
12.030000 16.100000
17.730000 15.200000
24.100000 13.300000
10.500000 23.000000
16.470000 19.500000
23.980000 19.300000
11.970000 20.000000
13.150000 18.700000
14.270000 20.300000
1.920000 50.000000
17.110000 15.100000
18.060000 22.500000
17.600000 17.800000
5.330000 29.400000
7.540000 23.400000
7.180000 23.900000
4.820000 37.900000
21.520000 11.000000
15.390000 18.000000
17.920000 21.500000
9.500000 25.000000
16.590000 18.400000
5.980000 22.900000
3.540000 42.800000
8.230000 22.000000
16.940000 13.500000
12.030000 19.100000
12.920000 21.200000
31.990000 7.400000
7.790000 25.000000
14.980000 19.100000
14.100000 18.300000
7.530000 28.200000
10.740000 23.000000
29.680000 8.100000
6.190000 33.200000
13.340000 20.600000
8.940000 21.400000
16.030000 22.400000
9.380000 28.100000
7.730000 24.400000
3.530000 32.400000
34.770000 13.800000
23.790000 10.800000
11.100000 23.800000
9.160000 24.300000
18.130000 14.100000
1.980000 34.900000
6.150000 23.000000
25.790000 7.500000
5.640000 23.900000
14.760000 20.100000
7.670000 26.500000
18.660000 19.500000
13.090000 17.400000
7.390000 23.300000
5.500000 27.000000
5.910000 48.800000
2.960000 50.000000
17.310000 15.600000
3.760000 31.500000
19.010000 12.700000
5.980000 22.100000
9.670000 22.400000
10.420000 21.800000
10.590000 20.600000
12.270000 19.800000
6.120000 25.000000
23.270000 13.400000
26.450000 8.700000
7.900000 21.600000
4.980000 24.000000
15.020000 16.700000
8.160000 22.900000
9.220000 19.600000
14.100000 20.800000
17.600000 23.100000
8.050000 18.200000
18.060000 15.200000
29.050000 7.200000
22.110000 10.500000
9.510000 24.800000
8.510000 20.600000
7.120000 27.500000
6.730000 22.200000
18.330000 17.800000
22.600000 12.700000
3.810000 48.500000
20.340000 13.500000
25.410000 17.300000
5.770000 24.700000
7.510000 22.900000
7.340000 22.600000
8.650000 16.500000
7.790000 18.600000
9.740000 19.000000
13.510000 23.300000
5.500000 23.600000
5.120000 50.000000
12.400000 20.100000
11.450000 20.600000
6.070000 24.800000
3.760000 45.400000
5.680000 32.500000
15.940000 19.800000
12.500000 17.600000
13.110000 21.400000
14.090000 20.400000
13.650000 20.700000
23.690000 13.100000
5.890000 26.600000
30.630000 8.800000
4.210000 38.700000
17.930000 20.500000
9.250000 20.900000
6.780000 24.100000
14.650000 17.700000
28.280000 10.500000
14.810000 21.400000
16.740000 17.800000
9.450000 36.200000
13.980000 26.400000
8.050000 33.000000
6.870000 23.100000
30.810000 14.400000
24.910000 12.000000
8.100000 22.000000
2.880000 50.000000
4.700000 27.900000
13.000000 21.100000
8.790000 20.900000
17.210000 10.400000
11.380000 22.000000
17.100000 18.900000
37.970000 13.800000
7.370000 23.300000
10.130000 24.700000
6.680000 32.000000
27.800000 13.800000
10.630000 18.600000
12.640000 16.100000
11.250000 31.000000
14.190000 19.900000
12.340000 21.200000
5.810000 25.300000
7.600000 30.100000
4.840000 26.600000
30.620000 10.200000
5.100000 37.000000
17.270000 16.100000
8.670000 26.400000
14.640000 16.800000
5.290000 21.900000
7.700000 20.400000
4.160000 33.100000
4.970000 22.500000
7.440000 50.000000
21.780000 10.200000
5.290000 28.000000
16.230000 14.900000
12.670000 22.600000
13.350000 20.100000
12.330000 20.100000
29.290000 11.800000
16.350000 12.700000
16.200000 19.400000
10.300000 19.200000
14.430000 17.400000
12.010000 21.800000
6.360000 23.700000
14.690000 23.100000
4.080000 33.300000
34.410000 14.400000
14.790000 30.700000
3.110000 44.000000
23.980000 11.800000
11.650000 24.300000
8.470000 19.900000
2.470000 41.700000
7.200000 23.800000
11.120000 23.000000
29.530000 14.600000
6.480000 22.000000
19.770000 8.300000
6.900000 30.100000
26.820000 13.400000
3.160000 50.000000
17.580000 18.800000
9.530000 50.000000
9.620000 23.900000
6.650000 28.400000
18.070000 13.600000
13.000000 21.700000
10.580000 21.200000
4.690000 30.500000
13.150000 29.600000
4.630000 50.000000
5.040000 37.200000
34.370000 17.900000
4.140000 44.800000
19.310000 13.000000
10.870000 22.600000
26.420000 15.600000
9.970000 20.300000
24.160000 14.000000
24.560000 12.300000
28.320000 17.800000
6.590000 25.200000
12.930000 20.100000
5.330000 36.200000
7.010000 25.000000
11.320000 22.300000
10.360000 23.100000
20.850000 11.500000
13.040000 14.500000
9.080000 20.600000
4.450000 32.900000
16.960000 18.100000
21.320000 13.300000
15.700000 14.200000
10.110000 23.200000
8.810000 22.600000
7.830000 19.400000
18.850000 15.400000
3.570000 43.800000
12.260000 19.600000
9.880000 21.700000
3.950000 31.600000
17.160000 11.700000
18.760000 23.200000
5.080000 24.600000
9.040000 23.600000
10.970000 24.400000
17.790000 14.900000
12.120000 15.300000
12.870000 19.600000
11.980000 21.000000
3.110000 42.300000
9.810000 25.000000
29.970000 6.300000
3.330000 28.500000
30.810000 7.200000
19.150000 27.100000
17.270000 21.700000
7.220000 23.900000
5.190000 23.700000
2.940000 33.400000
12.670000 17.200000
15.370000 20.400000
13.610000 19.300000
5.210000 28.700000
4.500000 30.100000
14.150000 20.000000
30.590000 5.000000
8.100000 36.500000
10.560000 18.500000
20.080000 16.300000
24.390000 8.300000
21.020000 13.600000
17.440000 13.400000
3.950000 48.300000
8.430000 23.400000
9.550000 21.200000
6.920000 29.900000
14.670000 17.500000
5.390000 34.900000
5.520000 22.800000
11.480000 22.700000
7.430000 24.100000
6.750000 20.700000
15.020000 15.600000
7.260000 43.100000
8.050000 29.000000
27.380000 8.500000
9.800000 19.500000
8.200000 22.000000
18.710000 14.900000
9.430000 20.500000
9.690000 28.700000
18.350000 13.100000
11.340000 21.400000
9.420000 27.500000
3.920000 46.700000
3.320000 50.000000
9.680000 18.900000
20.320000 7.200000
23.600000 11.300000
10.450000 22.800000
21.450000 15.400000
10.110000 15.000000
13.270000 21.700000
23.290000 13.400000
4.560000 34.900000
15.690000 10.200000
6.360000 23.100000
18.720000 15.200000
23.970000 7.000000
5.570000 20.600000
7.440000 24.700000
13.270000 18.900000
4.030000 34.700000
19.780000 27.500000
